7
S 4
0 255 255 0
150	100	200	180
200	180	220	160
220	160	170	80
170	80	150	100
S 4
0 255 255 0
310	80	260	160
260	160	280	180
280	180	330	100
330	100	310	80
S 4
0 255 255 0
200	280	150	360
150	360	170	380
170	380	220	300
220	300	200	280
S 4
0 255 255 0
260	300	310	380
310	380	330	360
330	360	280	280
280	280	260	300
S 3
0 0 255 0
70	230	110	260
110	260	110	200
110	200	70	230
S 4
0 0 255 0
130	200	130	260
130	260	400	260
400	260	400	200
400	200	130	200
S 4
0 0 255 0
420	160	420	300
420	300	440	300
440	300	440	160
440	160	420	160