30
S 4
0 255 255 0
110	500	110	600
110	600	130	600
130	600	130	500
130	500	110	500
S 4
0 255 255 0
250	440	250	530
250	530	290	530
290	530	290	440
290	440	250	440
S 4
0 255 255 0
320	440	320	530
320	530	360	530
360	530	360	440
360	440	320	440
S 4
0 255 255 0
450	550	490	580
490	580	530	550
530	550	490	520
490	520	450	550
S 4
0 255 255 0
600	450	600	560
600	560	720	560
720	560	720	450
720	450	600	450
S 4
0 255 255 0
740	450	740	560
740	560	790	560
790	560	790	450
790	450	740	450
S 4
0 255 255 0
870	570	880	600
880	600	970	570
970	570	960	540
960	540	870	570
S 4
0 160 82 45
100	440	100	480
100	480	190	480
190	480	190	440
190	440	100	440
S 4
0 160 82 45
430	370	430	500
430	500	470	500
470	500	470	370
470	370	430	370
S 4
0 160 82 45
500	370	500	500
500	500	540	500
540	500	540	370
540	370	500	370
S 4
0 160 82 45
810	380	810	460
810	460	860	460
860	460	860	380
860	380	810	380
S 4
0 0 191 255
90	360	90	420
90	420	190	420
190	420	190	360
190	360	90	360
S 4
0 0 191 255
230	390	260	420
260	420	300	390
300	390	260	360
260	360	230	390
S 4
0 0 191 255
320	390	360	420
360	420	390	390
390	390	360	360
360	360	320	390
S 4
0 0 191 255
620	360	620	430
620	430	650	430
650	430	650	360
650	360	620	360
S 4
0 0 191 255
670	360	670	400
670	400	740	400
740	400	740	360
740	360	670	360
S 4
0 0 255 0
90	270	90	320
90	320	180	320
180	320	180	270
180	270	90	270
S 4
0 0 255 0
250	270	250	330
250	330	290	330
290	330	290	270
290	270	250	270
S 4
0 0 255 0
320	270	320	330
320	330	360	330
360	330	360	270
360	270	320	270
S 4
0 0 255 0
430	210	430	330
430	330	470	330
470	330	470	210
470	210	430	210
S 4
0 0 255 0
500	210	500	330
500	330	540	330
540	330	540	210
540	210	500	210
S 4
0 0 255 0
620	260	620	330
620	330	650	330
650	330	650	260
650	260	620	260
S 4
0 0 255 0
670	290	670	330
670	330	740	330
740	330	740	290
740	290	670	290
S 4
0 0 255 0
810	220	810	300
810	300	860	300
860	300	860	220
860	220	810	220
S 4
0 255 0 0
90	210	90	250
90	250	180	250
180	250	180	210
180	210	90	210
S 4
0 255 0 0
240	220	240	250
240	250	350	250
350	250	350	220
350	220	240	220
S 4
0 255 0 0
460	120	460	160
460	160	500	160
500	160	500	120
500	120	460	120
S 4
0 255 0 0
610	110	610	230
610	230	640	230
640	230	640	110
640	110	610	110
S 4
0 255 0 0
710	110	710	240
710	240	750	240
750	240	750	110
750	110	710	110
S 4
0 255 0 0
880	130	880	160
880	160	970	160
970	160	970	130
970	130	880	130